$ 1 0.000005 0.23988752939670982 56 5 43 5e-11
v -272 320 -272 -64 0 0 40 5 0 0 0.5
g -272 320 -272 352 0 0
w -272 -64 -208 -64 0
r 1040 128 1040 192 0 28.72
r -128 320 -208 320 0 0.5
w -208 320 -272 320 0
w -208 -64 -16 -64 0
w 32 320 -80 320 0
w -80 320 -128 320 0
w 368 432 560 432 0
w 752 432 560 432 0
w 224 -64 352 -64 0
w 432 -64 592 -64 0
w 256 384 224 384 0
w -16 -64 64 -64 0
w 176 -64 64 -64 0
w 320 432 256 432 0
w 368 432 320 432 0
w 32 320 176 320 0
w 176 320 208 320 0
409 -64 192 32 192 1 0.6 0 0.023100000000000002 2
w -128 208 -128 320 0
w -208 320 -208 176 0
r -208 176 -64 176 0 1000
w -64 208 -128 208 0
r 0 112 64 112 0 24000
w -64 112 -64 176 0
w 64 112 80 112 0
w 32 192 80 192 0
w 80 192 80 112 0
w 0 112 -64 112 0
g -16 224 -16 256 0 0
w -16 160 -16 -64 0
g 176 128 176 144 0 0
r 176 -64 176 32 0 1000
w 224 -64 176 -64 0
409 288 208 432 208 1 0.6 0 0.023100000000000002 2
w 160 224 80 224 0
w 288 192 256 192 0
w 176 32 256 32 0
w 352 176 352 -64 0
g 352 240 352 256 0 0
w 1040 192 1040 384 0
w 1040 128 1040 -64 0
w 592 -64 816 -64 0
w 208 320 208 384 0
w 208 384 224 384 0
w 1040 432 1040 384 0
w 256 432 256 384 0
w 432 -64 352 -64 0
d 496 208 544 208 2 default
d 384 288 320 288 2 default
r 480 208 432 208 0 1000
w 496 208 480 208 0
162 352 352 288 352 2 default-led 1 0 0 0.01
r 352 352 416 352 0 1000
g 288 352 288 368 0 0
w 896 -64 1040 -64 0
w 880 432 752 432 0
409 768 208 864 208 3 0.6 0 0.023100000000000002 2
f 896 352 896 432 60 1.5 2
w 912 432 1040 432 0
r 848 352 768 352 0 47000
w 752 432 752 352 0
w 768 352 752 352 0
w 848 352 896 352 0
w 816 176 816 -64 0
g 816 240 816 256 0 0
w 896 352 896 208 0
r 896 16 896 112 0 1000
w 896 112 896 208 0
w 896 16 896 -64 0
w 816 -64 896 -64 0
r 768 128 848 128 0 1000
w 848 128 864 128 0
w 864 208 864 128 0
r 736 128 672 128 0 1000
g 640 128 640 144 0 0
w 672 128 640 128 0
w 736 128 768 128 0
w 768 192 768 128 0
w 768 224 688 224 0
w 688 224 688 208 0
w 80 224 80 192 0
w 432 288 432 208 0
w 416 352 432 352 0
w 432 288 432 352 0
r 288 224 160 224 0 1000
w 384 288 432 288 0
w 288 288 288 224 0
w 320 288 288 288 0
w 256 32 256 192 0
w 544 208 688 208 0
w 864 208 896 208 0
r 176 32 176 128 0 1000
o 4 1 0 4099 0.15625 0.2 0 2 4 3
38 3 F1 0 1 100 -1 Resistance
